3.420103490352630615e-01
3.406491577625274658e-01
3.392982184886932373e-01
3.379571139812469482e-01
3.366259932518005371e-01
3.353050053119659424e-01
3.339943289756774902e-01
3.326940536499023438e-01
3.314043879508972168e-01
3.301253616809844971e-01
3.288571536540985107e-01
3.275998234748840332e-01
3.263620734214782715e-01
3.251366019248962402e-01
3.239223062992095947e-01
3.227190971374511719e-01
3.215270042419433594e-01
3.203459382057189941e-01
3.191759586334228516e-01
3.180170059204101562e-01
3.168690204620361328e-01
3.157320320606231689e-01
3.146060109138488770e-01
3.134909272193908691e-01
3.123866915702819824e-01
3.112933635711669922e-01
3.102108240127563477e-01
3.091390728950500488e-01
3.080779314041137695e-01
3.070274591445922852e-01
3.059875965118408203e-01
3.050076365470886230e-01
3.040965795516967773e-01
3.031861484050750732e-01
3.022775352001190186e-01
3.013717532157897949e-01
3.004695475101470947e-01
2.995715141296386719e-01
2.986782491207122803e-01
2.977901697158813477e-01
2.969076335430145264e-01
2.960309386253356934e-01
2.951602935791015625e-01
2.942960262298583984e-01
2.934381961822509766e-01
2.925869822502136230e-01
2.917425036430358887e-01
2.909047901630401611e-01
2.900739908218383789e-01
2.892500162124633789e-01
2.884330451488494873e-01
2.876229882240295410e-01
2.868490517139434814e-01
2.860897183418273926e-01
2.853282988071441650e-01
2.845657169818878174e-01
2.838029265403747559e-01
2.830407619476318359e-01
2.822799086570739746e-01
2.815279066562652588e-01
2.808063626289367676e-01
2.800879478454589844e-01
2.793937921524047852e-01
2.787206172943115234e-01
2.780463397502899170e-01
2.773345708847045898e-01
2.765690088272094727e-01
2.758142352104187012e-01
2.750613093376159668e-01
2.743020653724670410e-01
2.735380530357360840e-01
2.727704644203186035e-01
2.720004916191101074e-01
2.712290287017822266e-01
2.704688608646392822e-01
2.697624266147613525e-01
2.690595686435699463e-01
2.683557271957397461e-01
2.676520943641662598e-01
2.669495940208435059e-01
2.662488818168640137e-01
2.655532956123352051e-01
2.648743689060211182e-01
2.641960382461547852e-01
2.635208964347839355e-01
2.628762125968933105e-01
2.623195648193359375e-01
2.617684304714202881e-01
2.612227201461791992e-01
2.606823146343231201e-01
2.601470351219177246e-01
2.596167325973510742e-01
2.590913772583007812e-01
2.585832774639129639e-01
2.580810785293579102e-01
2.575894296169281006e-01
2.571085989475250244e-01
2.566294670104980469e-01
2.561521530151367188e-01
2.556768059730529785e-01
2.552034258842468262e-01
2.547399997711181641e-01
2.542818188667297363e-01
2.538222074508666992e-01
2.533721029758453369e-01
2.529239654541015625e-01
2.524779438972473145e-01
2.520340383052825928e-01
2.515923082828521729e-01
2.511527538299560547e-01
2.507195472717285156e-01
2.502928376197814941e-01
2.498643696308135986e-01
2.494387477636337280e-01
2.490158975124359131e-01
2.485966086387634277e-01
2.481812834739685059e-01
2.477672994136810303e-01
2.473547458648681641e-01
2.469436526298522949e-01
2.465383708477020264e-01
2.461274564266204834e-01
2.457251846790313721e-01
2.453243285417556763e-01
2.449259012937545776e-01
2.445267736911773682e-01
2.441310286521911621e-01
2.437378913164138794e-01
2.433457374572753906e-01
2.429602146148681641e-01
2.425706088542938232e-01
2.422292232513427734e-01
2.418887019157409668e-01
2.415503859519958496e-01
2.412129938602447510e-01
2.408738285303115845e-01
2.405373901128768921e-01
2.402020096778869629e-01
2.398708015680313110e-01
2.395404130220413208e-01
2.392077445983886719e-01
2.388797551393508911e-01
2.385516911745071411e-01
2.382273674011230469e-01
2.379008680582046509e-01
2.375780642032623291e-01
2.372553944587707520e-01
2.369311004877090454e-01
2.366098016500473022e-01
2.362898737192153931e-01
2.359696626663208008e-01
2.356522977352142334e-01
2.353349179029464722e-01
2.350164949893951416e-01
2.347025722265243530e-01
2.343860119581222534e-01
2.340716570615768433e-01
2.337571531534194946e-01
2.334423065185546875e-01
2.331347763538360596e-01
2.328194975852966309e-01
2.325080335140228271e-01
2.321981936693191528e-01
2.318906188011169434e-01
2.315785586833953857e-01
2.312673926353454590e-01
2.309568673372268677e-01
2.306490242481231689e-01
2.303406000137329102e-01
2.300358861684799194e-01
2.297264933586120605e-01
2.294199168682098389e-01
2.291157245635986328e-01
2.288089394569396973e-01
2.285038530826568604e-01
2.281979918479919434e-01
2.278914004564285278e-01
2.275859862565994263e-01
2.272814512252807617e-01
2.269759625196456909e-01
2.266757488250732422e-01
2.263711392879486084e-01
2.260652482509613037e-01
2.257642894983291626e-01
2.254610955715179443e-01
2.251593768596649170e-01
2.248564660549163818e-01
2.245528697967529297e-01
2.242556214332580566e-01
2.239814549684524536e-01
2.237220257520675659e-01
2.234680056571960449e-01
2.232119739055633545e-01
2.229590266942977905e-01
2.227062135934829712e-01
2.224534749984741211e-01
2.222047448158264160e-01
2.219523191452026367e-01
2.217036783695220947e-01
2.214586138725280762e-01
2.212104797363281250e-01
2.209593802690505981e-01
2.207103818655014038e-01
2.204607427120208740e-01
2.202095687389373779e-01
2.199615538120269775e-01
2.197111397981643677e-01
2.194614112377166748e-01
2.192136347293853760e-01
2.189654409885406494e-01
2.187151312828063965e-01
2.184652835130691528e-01
2.182402312755584717e-01
2.180157452821731567e-01
2.177872061729431152e-01
2.175549119710922241e-01
2.173191457986831665e-01
2.170866131782531738e-01
2.168527841567993164e-01
2.166126519441604614e-01
2.163789570331573486e-01
2.161448448896408081e-01
2.159073650836944580e-01
2.156667709350585938e-01
2.154232561588287354e-01
2.151812613010406494e-01
2.149402648210525513e-01
2.146923840045928955e-01
2.144526094198226929e-01
2.142095714807510376e-01
2.139632403850555420e-01
2.137137949466705322e-01
2.134614586830139160e-01
2.132064104080200195e-01
2.129656225442886353e-01
2.127242088317871094e-01
2.124786078929901123e-01
2.122290730476379395e-01
2.119759917259216309e-01
2.117400467395782471e-01
2.115056812763214111e-01
2.112702429294586182e-01
2.110358774662017822e-01
2.108066082000732422e-01
2.105733454227447510e-01
2.103409618139266968e-01
2.101038098335266113e-01
2.098678946495056152e-01
2.096314430236816406e-01
2.093856930732727051e-01
2.091465890407562256e-01
2.089072763919830322e-01
2.086775749921798706e-01
2.084492146968841553e-01
2.082128226757049561e-01
2.079733014106750488e-01
2.077323347330093384e-01
2.074859142303466797e-01
2.072441279888153076e-01
2.070007920265197754e-01
2.067563533782958984e-01
2.065104991197586060e-01
2.062667906284332275e-01
2.060174047946929932e-01
2.057709693908691406e-01
2.055203616619110107e-01
2.052662074565887451e-01
2.050128877162933350e-01
2.047584205865859985e-01
2.045056074857711792e-01
2.042459696531295776e-01
2.039943635463714600e-01
2.037332057952880859e-01
2.034755945205688477e-01
2.032157480716705322e-01
2.029526829719543457e-01
2.026894092559814453e-01
2.024256885051727295e-01
2.021583318710327148e-01
2.018982023000717163e-01
2.016323953866958618e-01
2.013615667819976807e-01
2.010897397994995117e-01
2.008183151483535767e-01
2.005480527877807617e-01
2.002712190151214600e-01
1.999976038932800293e-01
1.997274756431579590e-01
1.994549930095672607e-01
1.991767585277557373e-01
1.988940834999084473e-01
1.986069083213806152e-01
1.983205080032348633e-01
1.980388462543487549e-01
1.977543681859970093e-01
1.974760293960571289e-01
1.971903145313262939e-01
1.968982219696044922e-01
1.966284513473510742e-01
1.963591873645782471e-01
1.960842162370681763e-01
1.958069503307342529e-01
1.955291628837585449e-01
1.952510774135589600e-01
1.949677467346191406e-01
1.946878731250762939e-01
1.944048702716827393e-01
1.941180825233459473e-01
1.938364207744598389e-01
1.935468912124633789e-01
1.932673752307891846e-01
1.929833292961120605e-01
1.926982402801513672e-01
1.924083530902862549e-01
1.921209841966629028e-01
1.918297111988067627e-01
1.915318965911865234e-01
1.912361681461334229e-01
1.909389197826385498e-01
1.906433999538421631e-01
1.903484016656875610e-01
1.900417208671569824e-01
1.897432059049606323e-01
1.894468367099761963e-01
1.891443431377410889e-01
1.888473629951477051e-01
1.885421872138977051e-01
1.882293522357940674e-01
1.879211515188217163e-01
1.876132935285568237e-01
1.872986704111099243e-01
1.869905292987823486e-01
1.866775155067443848e-01
1.863673627376556396e-01
1.860513687133789062e-01
1.857274770736694336e-01
1.854242086410522461e-01
1.851172894239425659e-01
1.848018169403076172e-01
1.844739317893981934e-01
1.841493397951126099e-01
1.838326752185821533e-01
1.835173219442367554e-01
1.831916868686676025e-01
1.828731745481491089e-01
1.825707554817199707e-01
1.822814047336578369e-01
1.819801628589630127e-01
1.816627383232116699e-01
1.813501715660095215e-01
1.810477674007415771e-01
1.807411015033721924e-01
1.804339736700057983e-01
1.801265180110931396e-01
1.798234581947326660e-01
1.795167922973632812e-01
1.792013943195343018e-01
1.789083629846572876e-01
1.786038875579833984e-01
1.782877743244171143e-01
1.779654473066329956e-01
1.776595711708068848e-01
1.773441433906555176e-01
1.770410984754562378e-01
1.767306923866271973e-01
1.764085888862609863e-01
1.761063337326049805e-01
1.757995784282684326e-01
1.754825413227081299e-01
1.751561909914016724e-01
1.748487502336502075e-01
1.745423674583435059e-01
1.742231845855712891e-01
1.738917529582977295e-01
1.735927462577819824e-01
1.732882261276245117e-01
1.729730367660522461e-01
1.726484596729278564e-01
1.723151057958602905e-01
1.720134913921356201e-01
1.717130839824676514e-01
1.713978052139282227e-01
1.710710823535919189e-01
1.707355231046676636e-01
1.704410910606384277e-01
1.701547503471374512e-01
1.698632836341857910e-01
1.695656329393386841e-01
1.692612618207931519e-01
1.689507961273193359e-01
1.686348617076873779e-01
1.683252751827239990e-01
1.680199801921844482e-01
1.676990091800689697e-01
1.673891842365264893e-01
1.670812368392944336e-01
1.667948663234710693e-01
1.665028780698776245e-01
1.661967039108276367e-01
1.659005582332611084e-01
1.656011790037155151e-01
1.653017699718475342e-01
1.649967432022094727e-01
1.646878719329833984e-01
1.644066274166107178e-01
1.641098707914352417e-01
1.638213694095611572e-01
1.635365486145019531e-01
1.632445305585861206e-01
1.629472374916076660e-01
1.626652032136917114e-01
1.623794734477996826e-01
1.620821952819824219e-01
1.617864072322845459e-01
1.615172326564788818e-01
1.612301766872406006e-01
1.609313189983367920e-01
1.606531441211700439e-01
1.603818237781524658e-01
1.601142883300781250e-01
1.598390936851501465e-01
1.595759391784667969e-01
1.593091487884521484e-01
1.590275466442108154e-01
1.587768495082855225e-01
1.585062891244888306e-01
1.582131683826446533e-01
1.579795181751251221e-01
1.577260196208953857e-01
1.574575304985046387e-01
1.571715474128723145e-01
1.569244861602783203e-01
1.566768884658813477e-01
1.564016938209533691e-01
1.561333835124969482e-01
1.558859050273895264e-01
1.556132584810256958e-01
1.553644686937332153e-01
1.551257967948913574e-01
1.548624485731124878e-01
1.545774191617965698e-01
1.543309688568115234e-01
1.540672332048416138e-01
1.538392901420593262e-01
1.535892933607101440e-01
1.533247232437133789e-01
1.530720293521881104e-01
1.528216153383255005e-01
1.525917649269104004e-01
1.523402184247970581e-01
1.520880609750747681e-01
1.518435180187225342e-01
1.515856385231018066e-01
1.513657569885253906e-01
1.511248350143432617e-01
1.508639454841613770e-01
1.506441682577133179e-01
1.504123806953430176e-01
1.501672267913818359e-01
1.499110162258148193e-01
1.496658921241760254e-01
1.494303643703460693e-01
1.491753458976745605e-01
1.489417552947998047e-01
1.487111300230026245e-01
1.484614610671997070e-01
1.482470333576202393e-01
1.480200737714767456e-01
1.477807313203811646e-01
1.475221216678619385e-01
1.473256945610046387e-01
1.471066772937774658e-01
1.468451619148254395e-01
1.466014087200164795e-01
1.463992297649383545e-01
1.461725533008575439e-01
1.459199488162994385e-01
1.456613838672637939e-01
1.454854160547256470e-01
1.452731639146804810e-01
1.450162827968597412e-01
1.447380930185317993e-01
1.445632576942443848e-01
1.443659961223602295e-01
1.441671103239059448e-01
1.439649909734725952e-01
1.437552571296691895e-01
1.435298025608062744e-01
1.432955265045166016e-01
1.431808024644851685e-01
1.430106461048126221e-01
1.427932977676391602e-01
1.425351351499557495e-01
1.423811614513397217e-01
1.422272622585296631e-01
1.420471519231796265e-01
1.418432891368865967e-01
1.416180133819580078e-01
1.414006799459457397e-01
1.411732733249664307e-01
1.410400569438934326e-01
1.408685594797134399e-01
1.406413018703460693e-01
1.403827965259552002e-01
1.402174234390258789e-01
1.400643885135650635e-01
1.398916691541671753e-01
1.396951377391815186e-01
1.394778192043304443e-01
1.392430961132049561e-01
1.390435397624969482e-01
1.388999670743942261e-01
1.387238651514053345e-01
1.384833902120590210e-01
1.383013576269149780e-01
1.381411701440811157e-01
1.379971057176589966e-01
1.378075182437896729e-01
1.375738382339477539e-01
1.373268067836761475e-01
1.372090131044387817e-01
1.370626986026763916e-01
1.368508934974670410e-01
1.366137564182281494e-01
1.364355683326721191e-01
1.362832039594650269e-01
1.361065804958343506e-01
1.359070837497711182e-01
1.356946229934692383e-01
1.354883909225463867e-01
1.352824419736862183e-01
1.350989639759063721e-01
1.349327117204666138e-01
1.347613036632537842e-01
1.345677226781845093e-01
1.343491375446319580e-01
1.341957747936248779e-01
1.340180784463882446e-01
1.338152438402175903e-01
1.336279213428497314e-01
1.334205567836761475e-01
1.332453191280364990e-01
1.330505311489105225e-01
1.328845769166946411e-01
1.326997429132461548e-01
1.325184553861618042e-01
1.323362886905670166e-01
1.321575939655303955e-01
1.319548338651657104e-01
1.317747533321380615e-01
1.315945088863372803e-01
1.314054727554321289e-01
1.312404125928878784e-01
1.310468018054962158e-01
1.308684051036834717e-01
1.306849420070648193e-01
1.304877996444702148e-01
1.303326487541198730e-01
1.301369667053222656e-01
1.299540549516677856e-01
1.297512799501419067e-01
1.295901536941528320e-01
1.294042915105819702e-01
1.291995793581008911e-01
1.290136873722076416e-01
1.288459002971649170e-01
1.286566108465194702e-01
1.284791827201843262e-01
1.282873153686523438e-01
1.281234920024871826e-01
1.279128491878509521e-01
1.277067512273788452e-01
1.275326609611511230e-01
1.273317039012908936e-01
1.271566599607467651e-01
1.269483566284179688e-01
1.267750561237335205e-01
1.266097277402877808e-01
1.264212578535079956e-01
1.262049227952957153e-01
1.260121464729309082e-01
1.258380264043807983e-01
1.256524771451950073e-01
1.254571676254272461e-01
1.252930760383605957e-01
1.250993460416793823e-01
1.248850598931312561e-01
1.247304007411003113e-01
1.245290338993072510e-01
1.243040114641189575e-01
1.241533383727073669e-01
1.239820644259452820e-01
1.238149553537368774e-01
1.236172318458557129e-01
1.233956366777420044e-01
1.231773421168327332e-01
1.230113655328750610e-01
1.228474974632263184e-01
1.226307302713394165e-01
1.224186792969703674e-01
1.222371459007263184e-01
1.220294088125228882e-01
1.218382716178894043e-01
1.216410696506500244e-01
1.214853227138519287e-01
1.212592720985412598e-01
1.210632398724555969e-01
1.208795756101608276e-01
1.206704825162887573e-01
1.204641833901405334e-01
1.202977672219276428e-01
1.201011463999748230e-01
1.199211478233337402e-01
1.197315007448196411e-01
1.195176392793655396e-01
1.193038076162338257e-01
1.191111952066421509e-01
1.189289987087249756e-01
1.187459081411361694e-01
1.185441166162490845e-01
1.183337420225143433e-01
1.181724071502685547e-01
1.179552823305130005e-01
1.177626997232437134e-01
1.175487712025642395e-01
1.173758059740066528e-01
1.172091960906982422e-01
1.170054674148559570e-01
1.168243885040283203e-01
1.166271567344665527e-01
1.164002865552902222e-01
1.162303760647773743e-01
1.160456985235214233e-01
1.158605217933654785e-01
1.156459599733352661e-01
1.154456883668899536e-01
1.152539849281311035e-01
1.150782257318496704e-01
1.148717403411865234e-01
1.146309822797775269e-01
1.144451797008514404e-01
1.142850220203399658e-01
1.140932589769363403e-01
1.138714924454689026e-01
1.136957034468650818e-01
1.134997680783271790e-01
1.132897436618804932e-01
1.131259575486183167e-01
1.129378825426101685e-01
1.127310246229171753e-01
1.125029027462005615e-01
1.122768893837928772e-01
1.121233850717544556e-01
1.119313910603523254e-01
1.117399483919143677e-01
1.115221604704856873e-01
1.112978830933570862e-01
1.111039295792579651e-01
1.108993142843246460e-01
1.107428446412086487e-01
1.105648353695869446e-01
1.103553324937820435e-01
1.101300939917564392e-01
1.099512428045272827e-01
1.097783744335174561e-01
1.095838993787765503e-01
1.093657612800598145e-01
1.092042326927185059e-01
1.090224385261535645e-01
1.088330447673797607e-01
1.086367815732955933e-01
1.084515601396560669e-01
1.082317233085632324e-01
1.080639809370040894e-01
1.078865379095077515e-01
1.076922789216041565e-01
1.074872836470603943e-01
1.072890236973762512e-01
1.071298420429229736e-01
1.069443896412849426e-01
1.067369058728218079e-01
1.065740883350372314e-01
1.063676029443740845e-01
1.061664670705795288e-01
1.059939935803413391e-01
1.058002337813377380e-01
1.056281775236129761e-01
1.054270491003990173e-01
1.052560210227966309e-01
1.050865426659584045e-01
1.048610731959342957e-01
1.046880185604095459e-01
1.045220941305160522e-01
1.043412536382675171e-01
1.041750609874725342e-01
1.039674133062362671e-01
1.037480235099792480e-01
1.035797894001007080e-01
1.033927425742149353e-01
1.031861603260040283e-01
1.030319780111312866e-01
1.028595492243766785e-01
1.026702970266342163e-01
1.024840921163558960e-01
1.022832915186882019e-01
1.020834445953369141e-01
1.019437462091445923e-01
1.017273515462875366e-01
1.015416234731674194e-01
1.013677492737770081e-01
1.011870279908180237e-01
1.009982377290725708e-01
1.008177101612091064e-01
1.006287932395935059e-01
1.004705876111984253e-01
1.002771034836769104e-01
1.000986620783805847e-01
9.994021803140640259e-02
9.974265843629837036e-02
9.956733882427215576e-02
9.941998124122619629e-02
9.921432286500930786e-02
9.902759641408920288e-02
9.888583421707153320e-02
9.873717278242111206e-02
9.854712337255477905e-02
9.834155440330505371e-02
9.812910109758377075e-02
9.797282516956329346e-02
9.778191894292831421e-02
9.760139882564544678e-02
9.741702675819396973e-02
9.724641591310501099e-02
9.706194698810577393e-02
9.689475595951080322e-02
9.671286493539810181e-02
9.652014076709747314e-02
9.636611491441726685e-02
9.620297700166702271e-02
9.602066874504089355e-02
9.583855420351028442e-02
9.568461775779724121e-02
9.551096707582473755e-02
9.533598273992538452e-02
9.517222642898559570e-02
9.500331431627273560e-02
9.481535851955413818e-02
9.463711082935333252e-02
9.444800019264221191e-02
9.430033713579177856e-02
9.413914382457733154e-02
9.396789968013763428e-02
9.377855807542800903e-02
9.361342340707778931e-02
9.345927834510803223e-02
9.331080317497253418e-02
9.311094880104064941e-02
9.296867251396179199e-02
9.279876202344894409e-02
9.261349588632583618e-02
9.245499223470687866e-02
9.227338433265686035e-02
9.208740293979644775e-02
9.195427596569061279e-02
9.180016815662384033e-02
9.160641580820083618e-02
9.143979847431182861e-02
9.127907454967498779e-02
9.112292528152465820e-02
9.096108376979827881e-02
9.077499806880950928e-02
9.060565382242202759e-02
9.045179188251495361e-02
9.028449654579162598e-02
9.010555595159530640e-02
8.996318280696868896e-02
8.981047570705413818e-02
8.965277671813964844e-02
8.949419111013412476e-02
8.931580930948257446e-02
8.915090560913085938e-02
8.898983895778656006e-02
8.883947134017944336e-02
8.866046369075775146e-02
8.848791569471359253e-02
8.833697438240051270e-02
8.816920220851898193e-02
8.802349865436553955e-02
8.785483241081237793e-02
8.771839737892150879e-02
8.753524720668792725e-02
8.738934993743896484e-02
8.724096417427062988e-02
8.710233867168426514e-02
8.694553375244140625e-02
8.677426725625991821e-02
8.661075681447982788e-02
8.646168559789657593e-02
8.630359172821044922e-02
8.614495396614074707e-02
8.599986881017684937e-02
8.583527803421020508e-02
8.566547930240631104e-02
8.550781011581420898e-02
8.537355065345764160e-02
8.522319793701171875e-02
8.507958799600601196e-02
8.489713817834854126e-02
8.476562798023223877e-02
8.462588489055633545e-02
8.448119461536407471e-02
8.432087302207946777e-02
8.415833860635757446e-02
8.398628234863281250e-02
8.386442810297012329e-02
8.374968171119689941e-02
8.357016742229461670e-02
8.339509367942810059e-02
8.325788378715515137e-02
8.313687145709991455e-02
8.299346268177032471e-02
8.282820880413055420e-02
8.266977965831756592e-02
8.253917843103408813e-02
8.238584548234939575e-02
8.223751932382583618e-02
8.210897445678710938e-02
8.196752518415451050e-02
8.181244134902954102e-02
8.167082816362380981e-02
8.153097331523895264e-02
8.137726783752441406e-02
8.122090250253677368e-02
8.107240498065948486e-02
8.093038201332092285e-02
8.079641312360763550e-02
8.065423369407653809e-02
8.050368726253509521e-02
8.037126809358596802e-02
8.024375140666961670e-02
8.009532839059829712e-02
7.995350658893585205e-02
7.981039583683013916e-02
7.966019213199615479e-02
7.952367514371871948e-02
7.939589768648147583e-02
7.926625758409500122e-02
7.911255210638046265e-02
7.896725833415985107e-02
7.883644104003906250e-02
7.870178669691085815e-02
7.855426520109176636e-02
7.842475175857543945e-02
7.829952239990234375e-02
7.816735655069351196e-02
7.803029567003250122e-02
7.787879556417465210e-02
7.773028314113616943e-02
7.763519883155822754e-02
7.747648656368255615e-02
7.733519375324249268e-02
7.720521092414855957e-02
7.706012576818466187e-02
7.693724334239959717e-02
7.680670917034149170e-02
7.665436714887619019e-02
7.653381675481796265e-02
7.639418542385101318e-02
7.625230401754379272e-02
7.612746208906173706e-02
7.600080966949462891e-02
7.585915178060531616e-02
7.573947310447692871e-02
7.560052722692489624e-02
7.547424733638763428e-02
7.533875107765197754e-02
7.522191852331161499e-02
7.508555054664611816e-02
7.496854662895202637e-02
7.485465705394744873e-02
7.470637559890747070e-02
7.457453012466430664e-02
7.445470988750457764e-02
7.432860136032104492e-02
7.420157641172409058e-02
7.408201694488525391e-02
7.393284142017364502e-02
7.379667460918426514e-02
7.366955280303955078e-02
7.354304939508438110e-02
7.342104613780975342e-02
7.329125702381134033e-02
7.316237688064575195e-02
7.303564995527267456e-02
7.291536778211593628e-02
7.278943806886672974e-02
7.266830652952194214e-02
7.254499197006225586e-02
7.242260873317718506e-02
7.228762656450271606e-02
7.217728346586227417e-02
7.204085588455200195e-02
7.190848886966705322e-02
7.178177684545516968e-02
7.168005406856536865e-02
7.154119759798049927e-02
7.141788303852081299e-02
7.129780948162078857e-02
7.118454575538635254e-02
7.105350494384765625e-02
7.092895358800888062e-02
7.081309705972671509e-02
7.069278508424758911e-02
7.056942582130432129e-02
7.044138014316558838e-02
7.033254206180572510e-02
7.021464407444000244e-02
7.008916139602661133e-02
6.997226178646087646e-02
6.984654068946838379e-02
6.973381340503692627e-02
6.960634142160415649e-02
6.948189437389373779e-02
6.937702000141143799e-02
6.923915445804595947e-02
6.913188099861145020e-02
6.901834905147552490e-02
6.890092790126800537e-02
6.877678632736206055e-02
6.866477429866790771e-02
6.855382770299911499e-02
6.843024492263793945e-02
6.830425560474395752e-02
6.818316131830215454e-02
6.806327402591705322e-02
6.794666498899459839e-02
6.783367693424224854e-02
6.771737337112426758e-02
6.760214269161224365e-02
6.747588515281677246e-02
6.735431402921676636e-02
6.723806262016296387e-02
6.712551414966583252e-02
6.700228899717330933e-02
6.689772009849548340e-02
6.677316129207611084e-02
6.668034195899963379e-02
6.655359268188476562e-02
6.644112616777420044e-02
6.633513420820236206e-02
6.623166799545288086e-02
6.608328968286514282e-02
6.599511206150054932e-02
6.588683277368545532e-02
6.574893742799758911e-02
6.563916802406311035e-02
6.552879512310028076e-02
6.541846692562103271e-02
6.530353426933288574e-02
6.518410146236419678e-02
6.506028771400451660e-02
6.496720761060714722e-02
6.486380845308303833e-02
6.473261117935180664e-02
6.461156159639358521e-02
6.451041251420974731e-02
6.440740078687667847e-02
6.429047882556915283e-02
6.417638063430786133e-02
6.406407803297042847e-02
6.394257396459579468e-02
6.382894515991210938e-02
6.372072547674179077e-02
6.360930204391479492e-02
6.348965317010879517e-02
6.337366998195648193e-02
6.326493620872497559e-02
6.314686685800552368e-02
6.303540617227554321e-02
6.292776763439178467e-02
6.281057000160217285e-02
6.270163506269454956e-02
6.258884072303771973e-02
6.249021366238594055e-02
6.236980855464935303e-02
6.226349249482154846e-02
6.214857846498489380e-02
6.203779578208923340e-02
6.192146614193916321e-02
6.181727349758148193e-02
6.169949471950531006e-02
6.159372255206108093e-02
6.148083508014678955e-02
6.138666719198226929e-02
6.126804649829864502e-02
6.117080524563789368e-02
6.106200069189071655e-02
6.094394996762275696e-02
6.083281338214874268e-02
6.071554124355316162e-02
6.063036620616912842e-02
6.051462888717651367e-02
6.039999797940254211e-02
6.032271683216094971e-02
6.021871417760848999e-02
6.009821593761444092e-02
5.999352410435676575e-02
5.988122150301933289e-02
5.975502729415893555e-02
5.964689701795578003e-02
5.954743921756744385e-02
5.944995209574699402e-02
5.933148413896560669e-02
5.920764803886413574e-02
5.910447984933853149e-02
5.899620056152343750e-02
5.889918655157089233e-02
5.879816040396690369e-02
5.868600308895111084e-02
5.856182798743247986e-02
5.845588818192481995e-02
5.835884809494018555e-02
5.824228748679161072e-02
5.812645703554153442e-02
5.802063643932342529e-02
5.791778117418289185e-02
5.781333521008491516e-02
5.770492553710937500e-02
5.759984254837036133e-02
5.749267712235450745e-02
5.738233029842376709e-02
5.726836249232292175e-02
5.717240646481513977e-02
5.706351995468139648e-02
5.695278570055961609e-02
5.685012042522430420e-02
5.674570798873901367e-02
5.663351714611053467e-02
5.654222145676612854e-02
5.643226206302642822e-02
5.631407350301742554e-02
5.626101046800613403e-02
5.619830265641212463e-02
5.612999945878982544e-02
5.605046078562736511e-02
5.598659813404083252e-02
5.590293183922767639e-02
5.580538511276245117e-02
5.572132021188735962e-02
5.562967434525489807e-02
5.553701147437095642e-02
5.544381961226463318e-02
5.536004900932312012e-02
5.526636168360710144e-02
5.517375841736793518e-02
5.509555339813232422e-02
5.502068251371383667e-02
5.493699759244918823e-02
5.485657602548599243e-02
5.477797985076904297e-02
5.469492822885513306e-02
5.461131408810615540e-02
5.453021824359893799e-02
5.446244031190872192e-02
5.438114702701568604e-02
5.429549515247344971e-02
5.422910302877426147e-02
5.416542291641235352e-02
5.408709496259689331e-02
5.399615690112113953e-02
5.391222983598709106e-02
5.383767560124397278e-02
5.376700311899185181e-02
5.369445309042930603e-02
5.362507700920104980e-02
5.355967581272125244e-02
5.348650366067886353e-02
5.340056121349334717e-02
5.332383140921592712e-02
5.325082316994667053e-02
5.318262055516242981e-02
5.311602354049682617e-02
5.303401872515678406e-02
5.296779423952102661e-02
5.289704352617263794e-02
5.282492190599441528e-02
5.275865271687507629e-02
5.268597602844238281e-02
5.261681228876113892e-02
5.253448709845542908e-02
5.246661230921745300e-02
5.239913612604141235e-02
5.232370644807815552e-02
5.225939303636550903e-02
5.218819528818130493e-02
5.211562290787696838e-02
5.204116925597190857e-02
5.197785049676895142e-02
5.191406235098838806e-02
5.183484405279159546e-02
5.177482217550277710e-02
5.171157792210578918e-02
5.165109038352966309e-02
5.158506706357002258e-02
5.151610821485519409e-02
5.144888907670974731e-02
5.137849599123001099e-02
5.130901187658309937e-02
5.124323815107345581e-02
5.118280276656150818e-02
5.111446604132652283e-02
5.104585736989974976e-02
5.097958445549011230e-02
5.090806260704994202e-02
5.084728449583053589e-02
5.079162120819091797e-02
5.072410032153129578e-02
5.065581947565078735e-02
5.059359967708587646e-02
5.052175372838973999e-02
5.046238005161285400e-02
5.040510743856430054e-02
5.034475773572921753e-02
5.028004944324493408e-02
5.021388083696365356e-02
5.014995858073234558e-02
5.008384585380554199e-02
5.002817884087562561e-02
4.997999593615531921e-02
4.991192370653152466e-02
4.984168335795402527e-02
4.978539049625396729e-02
4.972442984580993652e-02
4.966619983315467834e-02
4.960506781935691833e-02
4.953692853450775146e-02
4.947106540203094482e-02
4.942033812403678894e-02
4.936028644442558289e-02
4.930506274104118347e-02
4.923372343182563782e-02
4.917925223708152771e-02
4.911442846059799194e-02
4.906825721263885498e-02
4.901375621557235718e-02
4.893903434276580811e-02
4.888609051704406738e-02
4.883007332682609558e-02
4.876805096864700317e-02
4.870765656232833862e-02
4.865498468279838562e-02
4.859333857893943787e-02
4.853715002536773682e-02
4.847635328769683838e-02
4.841776937246322632e-02
4.836541414260864258e-02
4.830716177821159363e-02
4.824535176157951355e-02
4.818867146968841553e-02
4.813696071505546570e-02
4.809976369142532349e-02
4.802094027400016785e-02
4.796035215258598328e-02
4.791227355599403381e-02
4.785825312137603760e-02
4.780304431915283203e-02
4.774555191397666931e-02
4.768570512533187866e-02
4.763710498809814453e-02
4.758132621645927429e-02
4.752006381750106812e-02
4.747477918863296509e-02
4.742145538330078125e-02
4.736495763063430786e-02
4.730882868170738220e-02
4.724866896867752075e-02
4.719816520810127258e-02
4.715217277407646179e-02
4.708399996161460876e-02
4.703460261225700378e-02
4.698852822184562683e-02
4.693529754877090454e-02
4.688656330108642578e-02
4.683462530374526978e-02
4.678690060973167419e-02
4.672160372138023376e-02
4.666829481720924377e-02
4.662243276834487915e-02
4.656391963362693787e-02
4.651786014437675476e-02
4.646727070212364197e-02
4.640971124172210693e-02
4.636278003454208374e-02
4.630862176418304443e-02
4.625139385461807251e-02
4.619593173265457153e-02
4.615506902337074280e-02
4.610694199800491333e-02
4.605403542518615723e-02
4.599901288747787476e-02
4.594587534666061401e-02
4.590053111314773560e-02
4.584728181362152100e-02
4.579906910657882690e-02
4.574957117438316345e-02
4.570436105132102966e-02
4.565160721540451050e-02
4.560044780373573303e-02
4.554802179336547852e-02
4.549808800220489502e-02
4.545284062623977661e-02
4.540234059095382690e-02
4.535504058003425598e-02
4.530761018395423889e-02
4.525726661086082458e-02
4.520573467016220093e-02
4.515595734119415283e-02
4.510777443647384644e-02
4.505573958158493042e-02
4.501461982727050781e-02
4.495812207460403442e-02
4.491448029875755310e-02
4.486495256423950195e-02
4.481958225369453430e-02
4.477305337786674500e-02
4.472682997584342957e-02
4.467241466045379639e-02
4.462666064500808716e-02
4.458634182810783386e-02
4.453431069850921631e-02
4.448417574167251587e-02
4.444173723459243774e-02
4.439456015825271606e-02
4.434940218925476074e-02
4.430142417550086975e-02
4.426255822181701660e-02
4.421500861644744873e-02
4.416074231266975403e-02
4.411809518933296204e-02
4.406956210732460022e-02
4.402228072285652161e-02
4.397631436586380005e-02
4.393299669027328491e-02
4.388293251395225525e-02
4.384642839431762695e-02
4.379921033978462219e-02
4.375874623656272888e-02
4.371438547968864441e-02
4.366802796721458435e-02
4.362418502569198608e-02
4.358554631471633911e-02
4.353446513414382935e-02
4.348564520478248596e-02
4.344792664051055908e-02
4.340354725718498230e-02
4.335461929440498352e-02
4.331044107675552368e-02
4.326719418168067932e-02
4.321808367967605591e-02
4.317419603466987610e-02
4.313381016254425049e-02
4.308667033910751343e-02
4.303920269012451172e-02
4.299389198422431946e-02
4.295834898948669434e-02
4.291304945945739746e-02
4.286514595150947571e-02
4.282196611166000366e-02
4.277405887842178345e-02
4.273380339145660400e-02
4.269056022167205811e-02
4.264680296182632446e-02
4.262004047632217407e-02
4.256576299667358398e-02
4.252541810274124146e-02
4.248074442148208618e-02
4.244870319962501526e-02
4.239907115697860718e-02
4.235899075865745544e-02
4.232204332947731018e-02
4.227978736162185669e-02
4.223571345210075378e-02
4.219378530979156494e-02
4.214985296130180359e-02
4.210719466209411621e-02
4.206574708223342896e-02
4.202297702431678772e-02
4.197819530963897705e-02
4.193967953324317932e-02
4.189923778176307678e-02
4.185684025287628174e-02
4.180980473756790161e-02
4.176994040608406067e-02
4.173316806554794312e-02
4.169260710477828979e-02
4.165541380643844604e-02
4.161244630813598633e-02
4.157743602991104126e-02
4.153204709291458130e-02
4.149168729782104492e-02
4.144730791449546814e-02
4.141597822308540344e-02
4.137630015611648560e-02
4.132936149835586548e-02
4.128998517990112305e-02
4.125037044286727905e-02
4.121397063136100769e-02
4.117312282323837280e-02
4.113471135497093201e-02
4.109369218349456787e-02
4.105311632156372070e-02
4.101092740893363953e-02
4.097020998597145081e-02
4.092951491475105286e-02
4.088709875941276550e-02
4.084789007902145386e-02
4.080621898174285889e-02
4.076926037669181824e-02
4.073142260313034058e-02
4.069293290376663208e-02
4.065454378724098206e-02
4.061648994684219360e-02
4.057841375470161438e-02
4.054547101259231567e-02
4.050856083631515503e-02
4.046770185232162476e-02
4.043288156390190125e-02
4.039878770709037781e-02
4.035878553986549377e-02
4.031506180763244629e-02
4.027533531188964844e-02
4.023740068078041077e-02
4.019993916153907776e-02
4.016356542706489563e-02
4.012300819158554077e-02
4.008541628718376160e-02
4.004604369401931763e-02
4.000880196690559387e-02
3.997395560145378113e-02
3.993331640958786011e-02
3.989435359835624695e-02
3.985473513603210449e-02
3.981750085949897766e-02
3.977894783020019531e-02
3.974220156669616699e-02
3.970480710268020630e-02
3.966554254293441772e-02
3.962934017181396484e-02
3.959351405501365662e-02
3.956003114581108093e-02
3.951743245124816895e-02
3.949796035885810852e-02
3.944301232695579529e-02
3.940884396433830261e-02
3.937642648816108704e-02
3.933807462453842163e-02
3.930066525936126709e-02
3.926517814397811890e-02
3.922921791672706604e-02
3.919360041618347168e-02
3.915844112634658813e-02
3.912126272916793823e-02
3.908596187829971313e-02
3.904851526021957397e-02
3.901157528162002563e-02
3.897581994533538818e-02
3.893788158893585205e-02
3.890419006347656250e-02
3.886800631880760193e-02
3.883244097232818604e-02
3.879475966095924377e-02
3.876171261072158813e-02
3.872089087963104248e-02
3.868684172630310059e-02
3.865207731723785400e-02
3.861487284302711487e-02
3.858129307627677917e-02
3.854411095380783081e-02
3.851343691349029541e-02
3.847778588533401489e-02
3.843918070197105408e-02
3.840264678001403809e-02
3.836992383003234863e-02
3.834520652890205383e-02
3.829780220985412598e-02
3.826646134257316589e-02
3.823357820510864258e-02
3.819888830184936523e-02
3.816233575344085693e-02
3.812736272811889648e-02
3.809562698006629944e-02
3.806161880493164062e-02
3.802629560232162476e-02
3.798978403210639954e-02
3.795685246586799622e-02
3.792398795485496521e-02
3.789101913571357727e-02
3.785552829504013062e-02
3.782026469707489014e-02
3.778524324297904968e-02
3.774848207831382751e-02
3.771651536226272583e-02
3.768343478441238403e-02
3.764880076050758362e-02
3.761205449700355530e-02
3.757762536406517029e-02
3.754645586013793945e-02
3.751064464449882507e-02
3.747929632663726807e-02
3.744466975331306458e-02
3.740666806697845459e-02
3.737401962280273438e-02
3.734458237886428833e-02
3.730631247162818909e-02
3.727541491389274597e-02
3.724781796336174011e-02
3.722066432237625122e-02
3.718143329024314880e-02
3.715379536151885986e-02
3.712269663810729980e-02
3.708779066801071167e-02
3.704995289444923401e-02
3.702562302350997925e-02
3.698357567191123962e-02
3.695104271173477173e-02
3.692144900560379028e-02
3.688938915729522705e-02
3.685504943132400513e-02
3.681869432330131531e-02
3.679026663303375244e-02
3.675285726785659790e-02
3.672107309103012085e-02
3.668897226452827454e-02
3.665451705455780029e-02
3.661950677633285522e-02
3.658564016222953796e-02
3.655949607491493225e-02
3.652153164148330688e-02
3.648984059691429138e-02
3.645677119493484497e-02
3.642515838146209717e-02
3.639286011457443237e-02
3.636501356959342957e-02
3.632777929306030273e-02
3.629688918590545654e-02
3.626513481140136719e-02
3.623531386256217957e-02
3.620779886841773987e-02
3.617122396826744080e-02
3.614129871129989624e-02
3.610770404338836670e-02
3.607739880681037903e-02
3.604732826352119446e-02
3.601604327559471130e-02
3.598536550998687744e-02
3.595435991883277893e-02
3.592363744974136353e-02
3.589248284697532654e-02
3.586028888821601868e-02
3.582782670855522156e-02
3.579754754900932312e-02
3.576550632715225220e-02
3.573748096823692322e-02
3.570945188403129578e-02
3.567688912153244019e-02
3.564269095659255981e-02
3.561007604002952576e-02
3.558178246021270752e-02
3.554840758442878723e-02
3.551625832915306091e-02
3.548953682184219360e-02
3.546012192964553833e-02
3.542639687657356262e-02
3.539222106337547302e-02
3.536078333854675293e-02
3.533245995640754700e-02
3.529923409223556519e-02
3.526750206947326660e-02
3.524102643132209778e-02
3.521167486906051636e-02
3.517907857894897461e-02
3.514453768730163574e-02
3.512406721711158752e-02
3.509745746850967407e-02
3.506614267826080322e-02
3.503251820802688599e-02
3.500353172421455383e-02
3.497697412967681885e-02
3.494704514741897583e-02
3.491818159818649292e-02
3.488724306225776672e-02
3.485594317317008972e-02
3.482361882925033569e-02
3.479569032788276672e-02
3.476615622639656067e-02
3.473515063524246216e-02
3.471053764224052429e-02
3.467180579900741577e-02
3.464295342564582825e-02
3.461645171046257019e-02
3.459026291966438293e-02
3.456034511327743530e-02
3.452876955270767212e-02
3.449606150388717651e-02
3.446866944432258606e-02
3.444193303585052490e-02
3.441157191991806030e-02
3.437707200646400452e-02
3.434180468320846558e-02
3.431335836648941040e-02
3.428471088409423828e-02
3.425414860248565674e-02
3.422226011753082275e-02
3.420348465442657471e-02
3.416940197348594666e-02
3.413345664739608765e-02
3.410524502396583557e-02
3.407396376132965088e-02
3.404976800084114075e-02
3.402295336127281189e-02
3.399232029914855957e-02
3.396242111921310425e-02
3.392974287271499634e-02
3.390124440193176270e-02
3.387093171477317810e-02
3.384228050708770752e-02
3.381437063217163086e-02
3.378602862358093262e-02
3.375834226608276367e-02
3.372772037982940674e-02
3.370206803083419800e-02
3.367327898740768433e-02
3.364486619830131531e-02
3.361668437719345093e-02
3.358699753880500793e-02
3.355699777603149414e-02
3.352926671504974365e-02
3.350018337368965149e-02
3.346998244524002075e-02
3.343858197331428528e-02
3.341399878263473511e-02
3.338401019573211670e-02
3.335575014352798462e-02
3.332658857107162476e-02
3.329670056700706482e-02
3.326950967311859131e-02
3.324254974722862244e-02
3.321662545204162598e-02
3.318709507584571838e-02
3.315749391913414001e-02
3.313039243221282959e-02
3.310266509652137756e-02
3.307343646883964539e-02
3.304328769445419312e-02
3.301486000418663025e-02
3.298521414399147034e-02
3.295807912945747375e-02
3.292934969067573547e-02
3.290244191884994507e-02
3.287971392273902893e-02
3.285406529903411865e-02
3.282819315791130066e-02
3.279718756675720215e-02
3.277295827865600586e-02
3.274589404463768005e-02
3.271605074405670166e-02
3.268497809767723083e-02
3.265712782740592957e-02
3.263203054666519165e-02
3.260530903935432434e-02
3.257897868752479553e-02
3.255158662796020508e-02
3.252303600311279297e-02
3.249375149607658386e-02
3.246681764721870422e-02
3.243896737694740295e-02
3.240982443094253540e-02
3.238233923912048340e-02
3.235514089465141296e-02
3.233021497726440430e-02
3.229941055178642273e-02
3.227211162447929382e-02
3.224382922053337097e-02
3.221741318702697754e-02
3.219041600823402405e-02
3.216353431344032288e-02
3.213636204600334167e-02
3.211071342229843140e-02
3.208343684673309326e-02
3.205519542098045349e-02
3.202796727418899536e-02
3.200112655758857727e-02
3.197340667247772217e-02
3.194580599665641785e-02
3.191785514354705811e-02
3.188994899392127991e-02
3.186314925551414490e-02
3.184042125940322876e-02
3.180826455354690552e-02
3.178232908248901367e-02
3.175512701272964478e-02
3.172918409109115601e-02
3.170812502503395081e-02
3.168004378676414490e-02
3.165223821997642517e-02
3.162955865263938904e-02
3.160582855343818665e-02
3.157960623502731323e-02
3.155113756656646729e-02
3.152078017592430115e-02
3.149566426873207092e-02
3.147056326270103455e-02
3.144594654440879822e-02
3.142035007476806641e-02
3.139365464448928833e-02
3.136603161692619324e-02
3.133746981620788574e-02
3.131240606307983398e-02
3.128731995820999146e-02
3.125967830419540405e-02
3.123583830893039703e-02
3.121132776141166687e-02
3.118532150983810425e-02
3.115717321634292603e-02
3.112810105085372925e-02
3.110270388424396515e-02
3.107747063040733337e-02
3.105008974671363831e-02
3.102114610373973846e-02
3.099479898810386658e-02
3.097531571984291077e-02
3.094404377043247223e-02
3.091895021498203278e-02
3.089265711605548859e-02
3.086570650339126587e-02
3.083965554833412170e-02
3.081486932933330536e-02
3.078871779143810272e-02
3.076018765568733215e-02
3.073681332170963287e-02
3.071269206702709198e-02
3.068746998906135559e-02
3.066132962703704834e-02
3.063390962779521942e-02
3.060885146260261536e-02
3.058501332998275757e-02
3.055875375866889954e-02
3.053783625364303589e-02
3.050654008984565735e-02
3.048009984195232391e-02
3.045518510043621063e-02
3.043227829039096832e-02
3.040785528719425201e-02
3.038116171956062317e-02
3.035596944391727448e-02
3.033022955060005188e-02
3.030516766011714935e-02
3.028059750795364380e-02
3.025521896779537201e-02
3.023069724440574646e-02
3.020573779940605164e-02
3.018048033118247986e-02
3.015571087598800659e-02
3.012997098267078400e-02
3.010370023548603058e-02
3.008013777434825897e-02
3.005445748567581177e-02
3.002958558499813080e-02
3.000392392277717590e-02
2.997958473861217499e-02
2.995541878044605255e-02
2.992928959429264069e-02
2.990373224020004272e-02
2.987894974648952484e-02
2.985368669033050537e-02
2.982736006379127502e-02
2.980865165591239929e-02
2.977865934371948242e-02
2.975445799529552460e-02
2.972856909036636353e-02
2.970464713871479034e-02
2.968009933829307556e-02
2.965321764349937439e-02
2.962840721011161804e-02
2.960407175123691559e-02
2.958028204739093781e-02
2.955546230077743530e-02
2.953152358531951904e-02
2.950611338019371033e-02
2.948360890150070190e-02
2.946020476520061493e-02
2.943435497581958771e-02
2.940691635012626648e-02
2.938881143927574158e-02
2.935712970793247223e-02
2.933310531079769135e-02
2.931641787290573120e-02
2.929030731320381165e-02
2.926602400839328766e-02
2.924306504428386688e-02
2.921848185360431671e-02
2.919358201324939728e-02
2.917221188545227051e-02
2.914859727025032043e-02
2.912345901131629944e-02
2.909999154508113861e-02
2.907618880271911621e-02
2.905127406120300293e-02
2.902744151651859283e-02
2.900279499590396881e-02
2.897740900516510010e-02
2.895195409655570984e-02
2.892687916755676270e-02
2.890190668404102325e-02
2.887752652168273926e-02
2.885513938963413239e-02
2.883012779057025909e-02
2.880552411079406738e-02
2.878085896372795105e-02
2.875758334994316101e-02
2.873377129435539246e-02
2.870836481451988220e-02
2.868436276912689209e-02
2.866028621792793274e-02
2.863983064889907837e-02
2.861250564455986023e-02
2.858965098857879639e-02
2.856744639575481415e-02
2.854328975081443787e-02
2.851818501949310303e-02
2.849561348557472229e-02
2.847185917198657990e-02
2.844688296318054199e-02
2.842291258275508881e-02
2.839967049658298492e-02
2.837540209293365479e-02
2.835164405405521393e-02
2.833025157451629639e-02
2.830761671066284180e-02
2.828325703740119934e-02
2.825950272381305695e-02
2.823599800467491150e-02
2.821262739598751068e-02
2.819959633052349091e-02
2.816624008119106293e-02
2.814272977411746979e-02
2.812715992331504822e-02
2.809800580143928528e-02
2.807788364589214325e-02
2.805813960731029510e-02
2.803645469248294830e-02
2.801420167088508606e-02
2.799085900187492371e-02
2.796566672623157501e-02
2.794063836336135864e-02
2.791884355247020721e-02
2.789694070816040039e-02
2.787314169108867645e-02
2.784883417189121246e-02
2.782617136836051941e-02
2.780255861580371857e-02
2.777883782982826233e-02
2.775473333895206451e-02
2.773083932697772980e-02
2.770686335861682892e-02
2.768274210393428802e-02
2.765844576060771942e-02
2.763925865292549133e-02
2.761372178792953491e-02
2.759173884987831116e-02
2.756865695118904114e-02
2.754535898566246033e-02
2.752112783491611481e-02
2.749709412455558777e-02
2.747432142496109009e-02
2.745315246284008026e-02
2.742979303002357483e-02
2.740775980055332184e-02
2.738501690328121185e-02
2.736177854239940643e-02
2.734020911157131195e-02
2.731785923242568970e-02
2.729503624141216278e-02
2.727104909718036652e-02
2.724812179803848267e-02
2.722583338618278503e-02
2.720236405730247498e-02
2.717940323054790497e-02
2.715629711747169495e-02
2.713424339890480042e-02
2.711047045886516571e-02
2.708957344293594360e-02
2.706757932901382446e-02
2.704475447535514832e-02
2.702628448605537415e-02
2.700431831181049347e-02
2.698297612369060516e-02
2.695980481803417206e-02
2.694009430706501007e-02
2.691415324807167053e-02
2.689407207071781158e-02
2.687223069369792938e-02
2.684991061687469482e-02
2.682707831263542175e-02
2.680421993136405945e-02
2.678248286247253418e-02
2.675941586494445801e-02
2.673900686204433441e-02
2.671752497553825378e-02
2.669513970613479614e-02
2.667310647666454315e-02
2.665093727409839630e-02
2.662860043346881866e-02
2.660636045038700104e-02
2.658353745937347412e-02
2.656152471899986267e-02
2.653921209275722504e-02
2.651593461632728577e-02
2.649322897195816040e-02
2.647093683481216431e-02
2.644786611199378967e-02
2.643483318388462067e-02
2.640473656356334686e-02
2.638399973511695862e-02
2.636175043880939484e-02
2.633998356759548187e-02
2.631885744631290436e-02
2.629658766090869904e-02
2.627472206950187683e-02
2.625227905809879303e-02
2.622985094785690308e-02
2.620772272348403931e-02
2.618938311934471130e-02
2.616535313427448273e-02
2.614345960319042206e-02
2.612273953855037689e-02
2.610249444842338562e-02
2.608051523566246033e-02
2.605892345309257507e-02
2.603797055780887604e-02
2.601576223969459534e-02
2.599397115409374237e-02
2.597185969352722168e-02
2.595103718340396881e-02
2.592930942773818970e-02
2.590673603117465973e-02
2.588933706283569336e-02
2.587260492146015167e-02
2.584308385848999023e-02
2.582294866442680359e-02
2.580293826758861542e-02
2.578323148190975189e-02
2.576262503862380981e-02
2.574417553842067719e-02
2.572075091302394867e-02
2.569926902651786804e-02
2.567720040678977966e-02
2.565594762563705444e-02
2.563410624861717224e-02
2.561323158442974091e-02
2.559279464185237885e-02
2.557192370295524597e-02
2.555049024522304535e-02
2.552874945104122162e-02
2.550655975937843323e-02
2.548545226454734802e-02
2.546492777764797211e-02
2.544523961842060089e-02
2.542408555746078491e-02
2.540176175534725189e-02
2.538216300308704376e-02
2.536180429160594940e-02
2.534047700464725494e-02
2.531805261969566345e-02
2.529718726873397827e-02
2.527631632983684540e-02
2.525517344474792480e-02
2.523343078792095184e-02
2.521189488470554352e-02
2.519000880420207977e-02
2.517601847648620605e-02
2.514919266104698181e-02
2.512925490736961365e-02
2.510945312678813934e-02
2.508864924311637878e-02
2.506714873015880585e-02
2.504565939307212830e-02
2.502486109733581543e-02
2.500422485172748566e-02
2.498359791934490204e-02
2.496243268251419067e-02
2.494077011942863464e-02
2.492441609501838684e-02
2.490018308162689209e-02
2.488013356924057007e-02
2.485986426472663879e-02
2.483944036066532135e-02
2.481914870440959930e-02
2.479874528944492340e-02
2.477830275893211365e-02
2.475800924003124237e-02
2.473797462880611420e-02
2.472118288278579712e-02
2.469775266945362091e-02
2.467739768326282501e-02
2.465802989900112152e-02
2.463637851178646088e-02
2.461824007332324982e-02
2.459940686821937561e-02
2.457939274609088898e-02
2.455831691622734070e-02
2.453729324042797089e-02
2.451631799340248108e-02
2.449854277074337006e-02
2.447606995701789856e-02
2.445637620985507965e-02
2.443700097501277924e-02
2.441716752946376801e-02
2.439701743423938751e-02
2.437666431069374084e-02
2.435671165585517883e-02
2.433628588914871216e-02
2.431634813547134399e-02
2.429549396038055420e-02
2.427467703819274902e-02
2.425429411232471466e-02
2.423383668065071106e-02
2.421355061233043671e-02
2.419264428317546844e-02
2.417203597724437714e-02
2.415385842323303223e-02
2.413326315581798553e-02
2.411351352930068970e-02
2.409345284104347229e-02
2.407285571098327637e-02
2.405324764549732208e-02
2.403297089040279388e-02
2.401299588382244110e-02
2.399236895143985748e-02
2.397239394485950470e-02
2.395241521298885345e-02
2.393197640776634216e-02
2.391674928367137909e-02
2.389365434646606445e-02
2.387524209916591644e-02
2.385559119284152985e-02
2.383521944284439087e-02
2.381511405110359192e-02
2.379607968032360077e-02
2.377584204077720642e-02
2.375617623329162598e-02
2.373647876083850861e-02
2.371655963361263275e-02
2.369621582329273224e-02
2.367676049470901489e-02
2.365656569600105286e-02
2.363587357103824615e-02
2.361666783690452576e-02
2.360317297279834747e-02
2.358279004693031311e-02
2.356017380952835083e-02
2.354327216744422913e-02
2.352464385330677032e-02
2.350451797246932983e-02
2.348482050001621246e-02
2.346611768007278442e-02
2.344881184399127960e-02
2.342760562896728516e-02
2.340799197554588318e-02
2.338842116296291351e-02
2.337023802101612091e-02
2.335185930132865906e-02
2.333351597189903259e-02
2.331406064331531525e-02
2.329391054809093475e-02
2.327402867376804352e-02
2.325402013957500458e-02
2.323488332331180573e-02
2.321526408195495605e-02
2.319585531949996948e-02
2.317604236304759979e-02
2.315818145871162415e-02
2.313844673335552216e-02
2.312022261321544647e-02
2.310078963637351990e-02
2.308067865669727325e-02
2.306244336068630219e-02
2.304362505674362183e-02
2.302417159080505371e-02
2.300495654344558716e-02
2.298529259860515594e-02
2.296599559485912323e-02
2.294639125466346741e-02
2.292724512517452240e-02
2.291029132902622223e-02
2.288992889225482941e-02
2.287232503294944763e-02
2.285367995500564575e-02
2.283437922596931458e-02
2.281526103615760803e-02
